2.181015 -126.000000 -96.454559 -91.000000 -89.000000 -50.000000 -91.000000
2.378414 -126.000000 -97.330017 -92.000000 -90.000000 -50.000000 -91.000000
2.593679 -127.000000 -97.939865 -92.000000 -91.000000 -51.000000 -92.000000
2.828427 -127.000000 -98.422127 -93.000000 -91.000000 -51.000000 -93.000000
3.084422 -128.000000 -98.828392 -93.000000 -92.000000 -51.000000 -93.000000
3.363586 -172.000000 -137.882370 -138.000000 -133.000000 -51.000000 -137.000000
3.668016 -185.000000 -136.553406 -137.000000 -132.000000 -59.000000 -137.000000
4.000000 -185.000000 -135.407822 -135.000000 -130.000000 -59.000000 -136.000000
4.362031 -186.000000 -134.463135 -135.000000 -129.000000 -58.000000 -135.000000
4.756828 -186.000000 -133.596619 -134.000000 -128.000000 -58.000000 -134.000000
5.187358 -187.000000 -132.903717 -133.000000 -127.000000 -58.000000 -133.000000
5.656854 -187.000000 -132.376694 -132.000000 -126.000000 -58.000000 -131.000000
6.168843 -188.000000 -132.134140 -132.000000 -126.000000 -58.000000 -131.000000
6.727171 -188.000000 -132.260391 -132.000000 -125.000000 -58.000000 -131.000000
7.336032 -189.000000 -132.651260 -132.000000 -125.000000 -58.000000 -131.000000
8.000000 -189.000000 -133.234039 -133.000000 -126.000000 -58.000000 -131.000000
8.724062 -189.000000 -133.916565 -134.000000 -126.000000 -58.000000 -132.000000
9.513657 -190.000000 -134.929962 -135.000000 -127.000000 -58.000000 -132.000000
10.374717 -190.000000 -136.406647 -137.000000 -128.000000 -58.000000 -137.000000
11.313708 -191.000000 -138.702179 -139.000000 -130.000000 -58.000000 -140.000000
12.337687 -192.000000 -142.253540 -143.000000 -133.000000 -58.000000 -142.000000
13.454343 -192.000000 -146.721069 -148.000000 -137.000000 -58.000000 -150.000000
14.672065 -192.000000 -149.955795 -152.000000 -140.000000 -58.000000 -153.000000
16.000000 -193.000000 -151.380188 -153.000000 -142.000000 -58.000000 -154.000000
17.448124 -193.000000 -152.047287 -154.000000 -143.000000 -58.000000 -154.000000
19.027313 -193.000000 -152.569077 -155.000000 -143.000000 -58.000000 -156.000000
20.749434 -193.000000 -153.436020 -156.000000 -143.000000 -58.000000 -158.000000
22.627417 -194.000000 -154.786285 -157.000000 -143.000000 -56.000000 -160.000000
24.675373 -194.000000 -156.801559 -160.000000 -144.000000 -55.000000 -161.000000
26.908686 -195.000000 -159.637741 -163.000000 -146.000000 -55.000000 -166.000000
29.344130 -195.000000 -162.702240 -166.000000 -148.000000 -54.000000 -169.000000
32.000000 -195.000000 -165.276413 -169.000000 -149.000000 -54.000000 -173.000000
34.896248 -196.000000 -167.477081 -172.000000 -151.000000 -54.000000 -175.000000
38.054626 -196.000000 -169.006256 -173.000000 -153.000000 -53.000000 -176.000000
41.498867 -196.000000 -170.084290 -174.000000 -154.000000 -52.000000 -176.000000
45.254833 -197.000000 -170.906006 -175.000000 -156.000000 -51.000000 -178.000000
49.350746 -197.000000 -171.616989 -175.000000 -157.000000 -51.000000 -178.000000
53.817371 -197.000000 -172.096451 -175.000000 -159.000000 -51.000000 -177.000000
58.688259 -197.000000 -172.482254 -176.000000 -160.000000 -51.000000 -177.000000
64.000000 -197.000000 -172.601089 -175.000000 -161.000000 -51.000000 -177.000000
69.792496 -197.000000 -172.639526 -175.000000 -162.000000 -51.000000 -176.000000
76.109253 -197.000000 -172.602432 -175.000000 -163.000000 -51.000000 -175.000000
82.997734 -197.000000 -172.456604 -175.000000 -164.000000 -51.000000 -179.000000
90.509666 -197.000000 -172.214081 -174.000000 -164.000000 -52.000000 -178.000000
98.701492 -197.000000 -171.885010 -174.000000 -165.000000 -54.000000 -173.000000
107.634743 -197.000000 -171.562393 -173.000000 -165.000000 -56.000000 -172.000000
117.376518 -197.000000 -171.284409 -172.000000 -166.000000 -56.000000 -172.000000
128.000000 -196.000000 -171.069305 -172.000000 -166.000000 -56.000000 -171.000000
139.584991 -192.000000 -170.708710 -172.000000 -165.000000 -55.000000 -171.000000
152.218506 -190.000000 -170.483200 -171.000000 -165.000000 -56.000000 -170.000000
165.995468 -190.000000 -170.237305 -171.000000 -165.000000 -55.000000 -170.000000
181.019333 -189.000000 -169.957596 -170.000000 -164.000000 -55.000000 -169.000000
197.402985 -187.000000 -169.610168 -170.000000 -164.000000 -55.000000 -169.000000
215.269485 -184.000000 -169.110168 -169.000000 -163.000000 -53.000000 -168.000000
234.753036 -183.000000 -168.440720 -168.000000 -162.000000 -51.000000 -167.000000
256.000000 -182.000000 -168.285751 -168.000000 -162.000000 -53.000000 -167.000000
279.169983 -182.000000 -167.372559 -167.000000 -161.000000 -53.000000 -166.000000
304.437012 -178.000000 -166.192688 -166.000000 -160.000000 -52.000000 -165.000000
331.990936 -178.000000 -165.883987 -166.000000 -160.000000 -52.000000 -164.000000
362.038666 -177.000000 -164.025772 -164.000000 -159.000000 -51.000000 -164.000000
394.805969 -176.000000 -163.608673 -163.000000 -159.000000 -52.000000 -163.000000
430.538971 -175.000000 -161.355133 -161.000000 -156.000000 -51.000000 -157.000000
469.506073 -175.000000 -160.801559 -161.000000 -155.000000 -52.000000 -156.000000
512.000000 -175.000000 -160.801559 -161.000000 -155.000000 -53.000000 -156.000000
558.339966 -172.000000 -158.235504 -159.000000 -150.000000 -53.000000 -150.000000
608.874023 -171.000000 -157.504486 -158.000000 -149.000000 -53.000000 -149.000000
663.981873 -171.000000 -157.504486 -158.000000 -149.000000 -53.000000 -149.000000
724.077332 -168.000000 -154.488449 -156.000000 -144.000000 -52.000000 -144.000000
789.611938 -168.000000 -154.488449 -156.000000 -144.000000 -51.000000 -144.000000
861.077942 -168.000000 -153.446365 -155.000000 -142.000000 -51.000000 -142.000000
939.012146 -168.000000 -153.446365 -155.000000 -142.000000 -51.000000 -142.000000
