0.0147821219389 -0.894857859532 -199.0 -195.0 -192.0 -191.0 -196.5
0.0161200182796 -170.200877926 -180.0 -176.0 -173.0 -152.0 -176.5
0.0175790045846 -152.872282609 -164.0 -158.0 -153.0 -143.0 -158.5
0.019170040432 -143.611204013 -155.0 -149.0 -143.0 -134.0 -148.5
0.0209050773267 -137.976170569 -150.0 -143.0 -137.0 -127.0 -142.5
0.0227971484767 -134.10367893 -146.0 -139.0 -133.0 -123.0 -139.5
0.0248604666965 -131.299331104 -143.0 -136.0 -130.0 -120.0 -136.5
0.0271105311702 -129.160953177 -141.0 -134.0 -128.0 -118.0 -133.5
0.0295642438778 -127.596153846 -140.0 -132.0 -127.0 -117.0 -131.5
0.0322400365592 -118.498327759 -131.0 -123.0 -117.0 -106.0 -122.5
0.0351580091692 -115.096153846 -127.0 -119.0 -113.0 -101.0 -118.5
0.0383400808641 -113.39590301 -126.0 -118.0 -111.0 -99.0 -116.5
0.0418101546533 -112.33319398 -125.0 -116.0 -111.0 -98.0 -116.5
0.0455942969534 -111.628344482 -125.0 -116.0 -110.0 -98.0 -116.5
0.0497209333931 -111.16680602 -125.0 -115.0 -109.0 -97.0 -114.5
0.0542210623405 -110.813963211 -125.0 -114.0 -109.0 -96.0 -113.5
0.0591284877556 -110.418478261 -126.0 -114.0 -108.0 -97.0 -112.5
0.0644800731183 -109.966137124 -126.0 -113.0 -108.0 -96.0 -111.5
0.0703160183383 -109.558946488 -126.0 -113.0 -107.0 -96.0 -110.5
0.0766801617282 -109.525083612 -127.0 -113.0 -107.0 -97.0 -110.5
0.0836203093066 -109.681020067 -127.0 -113.0 -107.0 -97.0 -111.5
0.0911885939067 -110.092809365 -128.0 -113.0 -108.0 -97.0 -111.5
0.0994418667861 -110.601588629 -128.0 -114.0 -108.0 -98.0 -111.5
0.108442124681 -111.470317726 -129.0 -115.0 -109.0 -97.0 -112.5
0.118256975511 -112.351588629 -130.0 -116.0 -110.0 -98.0 -113.5
0.128960146237 -113.198160535 -131.0 -117.0 -110.0 -98.0 -114.5
0.140632036677 -113.876254181 -132.0 -118.0 -110.0 -98.0 -116.5
0.153360323456 -114.314799331 -132.0 -118.0 -110.0 -99.0 -118.5
0.167240618613 -114.581939799 -133.0 -119.0 -109.0 -100.0 -119.5
0.182377187813 -114.811454849 -133.0 -119.0 -109.0 -100.0 -118.5
0.198883733572 -114.989130435 -133.0 -119.0 -109.0 -101.0 -119.5
0.216884249362 -114.869565217 -133.0 -119.0 -109.0 -101.0 -118.5
0.236513951022 -114.894230769 -132.0 -119.0 -109.0 -102.0 -124.5
0.257920292473 -115.181020067 -132.0 -119.0 -110.0 -102.0 -124.5
0.281264073353 -115.760033445 -132.0 -119.0 -111.0 -102.0 -114.5
0.306720646913 -116.579013378 -133.0 -120.0 -113.0 -102.0 -115.5
0.334481237226 -117.599498328 -133.0 -121.0 -115.0 -103.0 -116.5
0.364754375627 -118.807692308 -134.0 -123.0 -116.0 -103.0 -118.5
0.397767467145 -120.293060201 -135.0 -124.0 -118.0 -104.0 -125.5
0.433768498724 -122.132525084 -137.0 -126.0 -121.0 -104.0 -125.5
0.473027902045 -123.831939799 -138.0 -128.0 -123.0 -105.0 -126.5
0.515840584946 -125.403010033 -139.0 -129.0 -125.0 -106.0 -128.5
0.562528146707 -127.035953177 -141.0 -131.0 -127.0 -107.0 -130.5
0.613441293825 -128.613294314 -142.0 -133.0 -129.0 -108.0 -131.5
0.668962474453 -130.112876254 -143.0 -135.0 -130.0 -109.0 -133.5
0.729508751254 -131.476588629 -144.0 -136.0 -131.0 -110.0 -135.5
0.795534934289 -132.77048495 -145.0 -138.0 -133.0 -112.0 -137.5
0.867536997448 -134.010869565 -146.0 -139.0 -133.0 -112.0 -138.5
0.94605580409 -135.226588629 -147.0 -141.0 -134.0 -112.0 -140.5
1.03168116989 -136.276337793 -148.0 -142.0 -135.0 -112.0 -141.5
1.12505629341 -137.054347826 -148.0 -143.0 -135.0 -112.0 -143.5
1.22688258765 -137.331521739 -148.0 -143.0 -136.0 -113.0 -143.5
1.33792494891 -137.198160535 -147.0 -143.0 -136.0 -112.0 -143.5
1.45901750251 -136.658862876 -146.0 -143.0 -136.0 -112.0 -142.5
1.59106986858 -135.70777592 -145.0 -142.0 -135.0 -113.0 -141.5
1.7350739949 -134.454013378 -143.0 -140.0 -135.0 -112.0 -140.5
1.89211160818 -133.002090301 -142.0 -138.0 -134.0 -111.0 -138.5
2.06336233979 -131.496237458 -140.0 -137.0 -133.0 -111.0 -136.5
2.25011258683 -129.981605351 -139.0 -135.0 -132.0 -111.0 -134.5
2.4537651753 -128.526337793 -137.0 -133.0 -130.0 -111.0 -132.5
2.67584989781 -127.226170569 -136.0 -132.0 -129.0 -112.0 -131.5
2.91803500502 -125.95735786 -135.0 -130.0 -127.0 -113.0 -129.5
3.18213973716 -124.918478261 -134.0 -129.0 -126.0 -115.0 -127.5
3.47014798979 -123.942307692 -133.0 -128.0 -125.0 -116.0 -128.5
3.78422321636 -123.068979933 -132.0 -127.0 -124.0 -117.0 -127.5
4.12672467957 -122.413879599 -132.0 -127.0 -123.0 -117.0 -126.5
4.50022517365 -121.974498328 -131.0 -126.0 -122.0 -117.0 -125.5
4.9075303506 -121.756270903 -131.0 -126.0 -121.0 -117.0 -125.5
5.35169979562 -121.788043478 -131.0 -126.0 -121.0 -118.0 -124.5
5.83607001003 -122.20735786 -133.0 -126.0 -122.0 -118.0 -126.5
6.36427947431 -122.996237458 -134.0 -127.0 -122.0 -119.0 -126.5
6.94029597958 -124.639214047 -137.0 -128.0 -124.0 -119.0 -127.5
7.56844643272 -126.95777592 -140.0 -131.0 -126.0 -120.0 -129.5
8.25344935914 -129.401337793 -143.0 -133.0 -128.0 -120.0 -132.5
9.00045034731 -132.126254181 -146.0 -136.0 -131.0 -120.0 -134.5
9.81506070121 -134.682274247 -149.0 -139.0 -134.0 -120.0 -136.5
10.7033995912 -137.261705686 -151.0 -142.0 -137.0 -119.0 -139.5
11.6721400201 -140.140468227 -154.0 -145.0 -140.0 -118.0 -143.5
12.7285589486 -142.336956522 -156.0 -148.0 -142.0 -117.0 -146.5
13.8805919592 -144.761287625 -157.0 -151.0 -144.0 -116.0 -150.5
15.1368928654 -146.346571906 -159.0 -153.0 -146.0 -115.0 -152.5
16.5068987183 -147.335702341 -160.0 -154.0 -146.0 -114.0 -153.5
18.0009006946 -148.60451505 -161.0 -156.0 -147.0 -114.0 -155.5
19.6301214024 -149.705685619 -162.0 -157.0 -147.0 -113.0 -157.5
21.4067991825 -150.987876254 -163.0 -158.0 -148.0 -114.0 -158.5
23.3442800401 -152.461956522 -164.0 -160.0 -149.0 -115.0 -160.5
25.4571178973 -153.553093645 -165.0 -161.0 -150.0 -116.0 -161.5
27.7611839183 -155.026755853 -166.0 -163.0 -152.0 -117.0 -163.5
30.2737857309 -155.864130435 -166.0 -163.0 -154.0 -118.0 -164.5
33.0137974366 -156.191053512 -166.0 -164.0 -155.0 -119.0 -164.5
36.0018013892 -156.50062709 -167.0 -164.0 -156.0 -120.0 -164.5
39.2602428048 -156.463001672 -166.0 -163.0 -156.0 -121.0 -163.5
42.813598365 -156.368102007 -166.0 -163.0 -157.0 -122.0 -163.5
46.6885600802 -156.155727425 -166.0 -163.0 -157.0 -121.0 -163.5
50.9142357945 -155.774874582 -165.0 -162.0 -157.0 -122.0 -162.5
55.5223678367 -154.906981605 -164.0 -161.0 -156.0 -123.0 -161.5
60.5475714618 -153.529055184 -164.0 -160.0 -155.0 -123.0 -160.5
66.0275948731 -153.135660535 -163.0 -159.0 -154.0 -123.0 -160.5
72.0036027785 -151.432483278 -163.0 -157.0 -152.0 -123.0 -157.5
78.5204856097 -150.731814381 -162.0 -157.0 -151.0 -122.0 -156.5
85.62719673 -148.460075251 -161.0 -154.0 -147.0 -120.0 -153.5
93.3771201605 -147.184155518 -161.0 -152.0 -145.0 -121.0 -152.5
101.828471589 -144.607232441 -160.0 -150.0 -142.0 -120.0 -149.5
111.044735673 -143.251045151 -159.0 -148.0 -140.0 -119.0 -147.5
121.095142924 -141.220526756 -158.0 -146.0 -138.0 -117.0 -144.5
132.055189746 -141.220526756 -158.0 -146.0 -138.0 -117.0 -144.5
144.007205557 -140.223871237 -157.0 -145.0 -137.0 -117.0 -143.5
157.040971219 -140.223871237 -157.0 -145.0 -137.0 -117.0 -143.5
171.25439346 -139.279473244 -156.0 -144.0 -136.0 -118.0 -144.5
186.754240321 -139.279473244 -156.0 -144.0 -136.0 -118.0 -144.5
203.656943178 -138.924122074 -155.0 -144.0 -136.0 -116.0 -142.5
222.089471347 -138.924122074 -155.0 -144.0 -136.0 -116.0 -142.5
242.190285847 -141.04201505 -154.0 -146.0 -140.0 -114.0 -146.5
264.110379493 -141.04201505 -154.0 -146.0 -140.0 -114.0 -146.5
288.014411114 -141.04201505 -154.0 -146.0 -140.0 -114.0 -146.5
314.081942439 -141.04201505 -154.0 -146.0 -140.0 -114.0 -146.5
342.50878692 -143.127299331 -155.0 -149.0 -141.0 -112.0 -150.5
373.508480642 -143.127299331 -155.0 -149.0 -141.0 -112.0 -150.5
407.313886356 -143.127299331 -155.0 -149.0 -141.0 -112.0 -150.5
444.178942693 -268.239966555 -154.0 -140.0 -123.0 -110.0 -150.5
