2.181015 -141.000000 -110.081436 -107.000000 -101.000000 -50.000000 -107.000000
2.378414 -141.000000 -110.895370 -108.000000 -101.000000 -50.000000 -108.000000
2.593679 -141.000000 -111.377968 -108.000000 -102.000000 -51.000000 -109.000000
2.828427 -141.000000 -111.710861 -109.000000 -103.000000 -51.000000 -109.000000
3.084422 -141.000000 -111.947212 -109.000000 -103.000000 -51.000000 -109.000000
3.363586 -192.000000 -137.363403 -138.000000 -134.000000 -51.000000 -138.000000
3.668016 -200.000000 -135.721786 -136.000000 -132.000000 -52.000000 -136.000000
4.000000 -200.000000 -134.145111 -134.000000 -130.000000 -51.000000 -135.000000
4.362031 -200.000000 -132.903885 -133.000000 -128.000000 -51.000000 -133.000000
4.756828 -200.000000 -131.867599 -132.000000 -126.000000 -51.000000 -132.000000
5.187358 -200.000000 -130.932281 -131.000000 -125.000000 -51.000000 -130.000000
5.656854 -200.000000 -130.224655 -130.000000 -124.000000 -51.000000 -129.000000
6.168843 -200.000000 -129.756027 -129.000000 -123.000000 -51.000000 -128.000000
6.727171 -200.000000 -129.623581 -129.000000 -123.000000 -51.000000 -128.000000
7.336032 -200.000000 -129.850525 -129.000000 -122.000000 -51.000000 -128.000000
8.000000 -200.000000 -130.375000 -130.000000 -123.000000 -51.000000 -129.000000
8.724062 -200.000000 -131.051331 -131.000000 -123.000000 -51.000000 -130.000000
9.513657 -200.000000 -131.947571 -131.000000 -124.000000 -52.000000 -131.000000
10.374717 -200.000000 -133.459061 -133.000000 -125.000000 -51.000000 -133.000000
11.313708 -200.000000 -135.833878 -136.000000 -127.000000 -51.000000 -136.000000
12.337687 -200.000000 -139.809586 -140.000000 -130.000000 -51.000000 -138.000000
13.454343 -200.000000 -144.791199 -146.000000 -134.000000 -51.000000 -150.000000
14.672065 -200.000000 -148.847092 -151.000000 -138.000000 -52.000000 -152.000000
16.000000 -200.000000 -150.665695 -153.000000 -140.000000 -51.000000 -154.000000
17.448124 -200.000000 -151.278275 -154.000000 -140.000000 -53.000000 -155.000000
19.027313 -200.000000 -151.661240 -154.000000 -140.000000 -51.000000 -156.000000
20.749434 -200.000000 -152.292603 -155.000000 -140.000000 -51.000000 -157.000000
22.627417 -200.000000 -153.258499 -156.000000 -140.000000 -51.000000 -158.000000
24.675373 -200.000000 -155.088120 -158.000000 -141.000000 -51.000000 -161.000000
26.908686 -200.000000 -157.610321 -161.000000 -143.000000 -51.000000 -163.000000
29.344130 -200.000000 -160.463013 -164.000000 -145.000000 -51.000000 -164.000000
32.000000 -200.000000 -162.748871 -166.000000 -146.000000 -51.000000 -164.000000
34.896248 -200.000000 -164.633804 -168.000000 -148.000000 -51.000000 -163.000000
38.054626 -200.000000 -166.034210 -169.000000 -150.000000 -52.000000 -163.000000
41.498867 -200.000000 -167.137085 -170.000000 -152.000000 -51.000000 -178.000000
45.254833 -200.000000 -168.034958 -171.000000 -154.000000 -51.000000 -179.000000
49.350746 -200.000000 -168.770630 -172.000000 -156.000000 -51.000000 -179.000000
53.817371 -200.000000 -169.292816 -172.000000 -157.000000 -51.000000 -180.000000
58.688259 -200.000000 -169.670914 -173.000000 -158.000000 -51.000000 -180.000000
64.000000 -200.000000 -169.845215 -173.000000 -159.000000 -52.000000 -180.000000
69.792496 -200.000000 -169.948135 -173.000000 -158.000000 -53.000000 -180.000000
76.109253 -200.000000 -169.939728 -173.000000 -158.000000 -53.000000 -179.000000
82.997734 -200.000000 -169.878372 -173.000000 -158.000000 -53.000000 -179.000000
90.509666 -200.000000 -169.753174 -173.000000 -158.000000 -54.000000 -179.000000
98.701492 -200.000000 -169.591797 -173.000000 -157.000000 -56.000000 -178.000000
107.634743 -200.000000 -169.377151 -173.000000 -157.000000 -55.000000 -178.000000
117.376518 -200.000000 -169.148270 -173.000000 -156.000000 -55.000000 -178.000000
128.000000 -200.000000 -168.970535 -173.000000 -156.000000 -55.000000 -177.000000
139.584991 -200.000000 -168.674438 -172.000000 -155.000000 -55.000000 -177.000000
152.218506 -200.000000 -168.480011 -172.000000 -155.000000 -54.000000 -177.000000
165.995468 -200.000000 -168.268570 -172.000000 -155.000000 -53.000000 -177.000000
181.019333 -200.000000 -168.018555 -172.000000 -154.000000 -52.000000 -177.000000
197.402985 -200.000000 -167.721237 -171.000000 -154.000000 -51.000000 -173.000000
215.269485 -200.000000 -167.358490 -171.000000 -153.000000 -52.000000 -176.000000
234.753036 -200.000000 -166.915451 -170.000000 -153.000000 -51.000000 -176.000000
256.000000 -200.000000 -166.812714 -170.000000 -152.000000 -51.000000 -176.000000
279.169983 -200.000000 -166.229401 -169.000000 -152.000000 -51.000000 -175.000000
304.437012 -200.000000 -165.666122 -168.000000 -151.000000 -51.000000 -175.000000
331.990936 -200.000000 -165.486237 -168.000000 -151.000000 -51.000000 -175.000000
362.038666 -200.000000 -164.734894 -168.000000 -150.000000 -51.000000 -173.000000
394.805969 -200.000000 -164.497635 -167.000000 -150.000000 -53.000000 -173.000000
430.538971 -200.000000 -163.414581 -166.000000 -149.000000 -52.000000 -169.000000
469.506073 -200.000000 -163.075302 -166.000000 -149.000000 -52.000000 -168.000000
512.000000 -200.000000 -163.075302 -166.000000 -149.000000 -51.000000 -168.000000
558.339966 -200.000000 -161.272308 -164.000000 -148.000000 -51.000000 -166.000000
608.874023 -200.000000 -160.726669 -163.000000 -148.000000 -51.000000 -165.000000
663.981873 -200.000000 -160.726669 -163.000000 -148.000000 -53.000000 -165.000000
724.077332 -200.000000 -157.677429 -159.000000 -146.000000 -52.000000 -159.000000
789.611938 -200.000000 -157.677429 -159.000000 -146.000000 -51.000000 -159.000000
861.077942 -200.000000 -156.712936 -158.000000 -146.000000 -51.000000 -158.000000
939.012146 -200.000000 -156.712936 -158.000000 -146.000000 -51.000000 -158.000000
