0.0147821219389 0.0 -50.0 -50.0 -50.0 -50.0 -199.5
0.0161200182796 -169.827132107 -179.0 -176.0 -172.0 -155.0 -175.5
0.0175790045846 -152.419941472 -163.0 -158.0 -153.0 -144.0 -158.5
0.019170040432 -143.08319398 -154.0 -148.0 -143.0 -134.0 -148.5
0.0209050773267 -137.630852843 -149.0 -142.0 -137.0 -129.0 -142.5
0.0227971484767 -133.973662207 -145.0 -139.0 -134.0 -125.0 -138.5
0.0248604666965 -131.413043478 -143.0 -136.0 -131.0 -122.0 -135.5
0.0271105311702 -129.351588629 -141.0 -134.0 -129.0 -120.0 -133.5
0.0295642438778 -127.608695652 -140.0 -132.0 -127.0 -119.0 -131.5
0.0322400365592 -118.152173913 -131.0 -122.0 -117.0 -108.0 -121.5
0.0351580091692 -114.301003344 -127.0 -118.0 -113.0 -104.0 -117.5
0.0383400808641 -112.31270903 -126.0 -116.0 -111.0 -102.0 -115.5
0.0418101546533 -110.827341137 -125.0 -114.0 -109.0 -100.0 -113.5
0.0455942969534 -109.508779264 -125.0 -113.0 -107.0 -98.0 -111.5
0.0497209333931 -108.193979933 -124.0 -111.0 -106.0 -96.0 -110.5
0.0542210623405 -107.198160535 -124.0 -110.0 -104.0 -94.0 -108.5
0.0591284877556 -106.696906355 -124.0 -110.0 -104.0 -93.0 -108.5
0.0644800731183 -106.589046823 -124.0 -110.0 -104.0 -93.0 -106.5
0.0703160183383 -106.780936455 -125.0 -110.0 -104.0 -93.0 -108.5
0.0766801617282 -106.97909699 -124.0 -110.0 -104.0 -92.0 -108.5
0.0836203093066 -107.213628763 -124.0 -111.0 -104.0 -91.0 -109.5
0.0911885939067 -107.774247492 -124.0 -111.0 -105.0 -91.0 -110.5
0.0994418667861 -108.614548495 -125.0 -112.0 -106.0 -91.0 -111.5
0.108442124681 -109.480351171 -125.0 -113.0 -107.0 -91.0 -112.5
0.118256975511 -110.12416388 -126.0 -114.0 -107.0 -91.0 -113.5
0.128960146237 -110.802257525 -127.0 -115.0 -107.0 -91.0 -115.5
0.140632036677 -111.453595318 -128.0 -116.0 -108.0 -92.0 -117.5
0.153360323456 -111.977842809 -129.0 -116.0 -108.0 -92.0 -117.5
0.167240618613 -112.386705686 -129.0 -117.0 -108.0 -93.0 -118.5
0.182377187813 -112.83277592 -130.0 -117.0 -108.0 -94.0 -118.5
0.198883733572 -113.239130435 -130.0 -118.0 -109.0 -94.0 -118.5
0.216884249362 -113.596153846 -130.0 -118.0 -109.0 -94.0 -118.5
0.236513951022 -114.087792642 -130.0 -118.0 -110.0 -95.0 -117.5
0.257920292473 -114.797240803 -131.0 -119.0 -111.0 -95.0 -118.5
0.281264073353 -115.72867893 -132.0 -119.0 -112.0 -97.0 -114.5
0.306720646913 -116.629598662 -132.0 -120.0 -113.0 -98.0 -116.5
0.334481237226 -117.691889632 -133.0 -122.0 -115.0 -98.0 -118.5
0.364754375627 -118.913043478 -134.0 -123.0 -116.0 -98.0 -120.5
0.397767467145 -120.339464883 -135.0 -125.0 -117.0 -99.0 -122.5
0.433768498724 -121.947742475 -137.0 -126.0 -119.0 -100.0 -124.5
0.473027902045 -123.468227425 -139.0 -128.0 -120.0 -100.0 -129.5
0.515840584946 -124.785535117 -140.0 -130.0 -121.0 -101.0 -130.5
0.562528146707 -126.164297659 -141.0 -131.0 -122.0 -102.0 -130.5
0.613441293825 -127.638377926 -142.0 -133.0 -124.0 -103.0 -132.5
0.668962474453 -128.902173913 -143.0 -134.0 -125.0 -103.0 -134.5
0.729508751254 -129.991220736 -144.0 -136.0 -126.0 -104.0 -135.5
0.795534934289 -130.909698997 -144.0 -137.0 -126.0 -105.0 -136.5
0.867536997448 -131.807274247 -145.0 -138.0 -127.0 -106.0 -137.5
0.94605580409 -132.571906355 -145.0 -139.0 -128.0 -107.0 -138.5
1.03168116989 -133.114130435 -145.0 -139.0 -129.0 -107.0 -139.5
1.12505629341 -133.390886288 -145.0 -140.0 -129.0 -109.0 -140.5
1.22688258765 -133.43770903 -144.0 -140.0 -130.0 -110.0 -140.5
1.33792494891 -133.237040134 -143.0 -139.0 -131.0 -111.0 -139.5
1.45901750251 -132.698996656 -142.0 -139.0 -131.0 -112.0 -138.5
1.59106986858 -131.89632107 -141.0 -137.0 -131.0 -113.0 -137.5
1.7350739949 -130.816053512 -140.0 -136.0 -131.0 -112.0 -136.5
1.89211160818 -129.601170569 -138.0 -135.0 -131.0 -113.0 -134.5
2.06336233979 -128.45735786 -137.0 -133.0 -130.0 -114.0 -132.5
2.25011258683 -127.322742475 -136.0 -132.0 -129.0 -115.0 -131.5
2.4537651753 -126.081521739 -135.0 -131.0 -128.0 -115.0 -129.5
2.67584989781 -124.882525084 -134.0 -129.0 -126.0 -115.0 -128.5
2.91803500502 -123.56312709 -133.0 -128.0 -125.0 -115.0 -127.5
3.18213973716 -122.382525084 -132.0 -126.0 -124.0 -116.0 -125.5
3.47014798979 -121.268394649 -131.0 -125.0 -122.0 -116.0 -125.5
3.78422321636 -120.264632107 -130.0 -124.0 -121.0 -116.0 -123.5
4.12672467957 -119.551421405 -130.0 -123.0 -119.0 -116.0 -122.5
4.50022517365 -119.091973244 -129.0 -123.0 -118.0 -116.0 -122.5
4.9075303506 -119.0 -129.0 -123.0 -118.0 -116.0 -121.5
5.35169979562 -119.248745819 -130.0 -123.0 -118.0 -115.0 -121.5
5.83607001003 -119.915551839 -131.0 -124.0 -119.0 -116.0 -124.5
6.36427947431 -120.987040134 -133.0 -125.0 -120.0 -117.0 -124.5
6.94029597958 -122.885033445 -135.0 -127.0 -122.0 -118.0 -126.5
7.56844643272 -125.275501672 -138.0 -129.0 -124.0 -118.0 -128.5
8.25344935914 -127.684364548 -141.0 -132.0 -127.0 -119.0 -130.5
9.00045034731 -130.345317726 -144.0 -134.0 -130.0 -119.0 -133.5
9.81506070121 -132.719481605 -147.0 -137.0 -132.0 -119.0 -135.5
10.7033995912 -135.036371237 -150.0 -140.0 -134.0 -119.0 -140.5
11.6721400201 -137.505852843 -152.0 -143.0 -136.0 -119.0 -143.5
12.7285589486 -139.192307692 -154.0 -145.0 -137.0 -118.0 -145.5
13.8805919592 -140.804347826 -156.0 -147.0 -138.0 -117.0 -148.5
15.1368928654 -141.775919732 -157.0 -148.0 -138.0 -117.0 -150.5
16.5068987183 -142.25 -158.0 -148.0 -138.0 -116.0 -152.5
18.0009006946 -142.733695652 -158.0 -149.0 -138.0 -116.0 -151.5
19.6301214024 -143.098244147 -159.0 -149.0 -138.0 -115.0 -149.5
21.4067991825 -143.515886288 -160.0 -149.0 -138.0 -116.0 -150.5
23.3442800401 -143.866220736 -162.0 -149.0 -139.0 -116.0 -145.5
25.4571178973 -144.137541806 -163.0 -149.0 -139.0 -116.0 -145.5
27.7611839183 -144.326505017 -164.0 -149.0 -139.0 -117.0 -145.5
30.2737857309 -144.272575251 -165.0 -149.0 -139.0 -117.0 -145.5
33.0137974366 -144.16764214 -165.0 -149.0 -139.0 -118.0 -144.5
36.0018013892 -143.913461538 -165.0 -148.0 -139.0 -118.0 -143.5
39.2602428048 -143.637541806 -164.0 -148.0 -139.0 -117.0 -147.5
42.813598365 -143.335702341 -164.0 -148.0 -138.0 -119.0 -146.5
46.6885600802 -143.029055184 -163.0 -147.0 -138.0 -118.0 -146.5
50.9142357945 -142.705476589 -163.0 -147.0 -137.0 -118.0 -145.5
55.5223678367 -142.159071906 -162.0 -146.0 -137.0 -118.0 -145.5
60.5475714618 -141.429974916 -161.0 -146.0 -136.0 -118.0 -142.5
66.0275948731 -141.202550167 -160.0 -146.0 -136.0 -118.0 -145.5
72.0036027785 -140.431647157 -159.0 -145.0 -135.0 -118.0 -145.5
78.5204856097 -140.102215719 -159.0 -144.0 -135.0 -118.0 -142.5
85.62719673 -139.100961538 -158.0 -143.0 -134.0 -118.0 -142.5
93.3771201605 -138.593436455 -157.0 -143.0 -133.0 -117.0 -144.5
101.828471589 -137.263168896 -155.0 -142.0 -132.0 -115.0 -143.5
111.044735673 -136.572951505 -154.0 -141.0 -131.0 -115.0 -142.5
121.095142924 -135.006061873 -153.0 -140.0 -129.0 -113.0 -144.5
132.055189746 -135.006061873 -153.0 -140.0 -129.0 -113.0 -144.5
144.007205557 -134.226797659 -152.0 -139.0 -128.0 -112.0 -144.5
157.040971219 -134.226797659 -152.0 -139.0 -128.0 -112.0 -144.5
171.25439346 -132.549122074 -150.0 -138.0 -126.0 -111.0 -144.5
186.754240321 -132.549122074 -150.0 -138.0 -126.0 -111.0 -144.5
203.656943178 -131.685827759 -149.0 -137.0 -125.0 -110.0 -144.5
222.089471347 -131.685827759 -149.0 -137.0 -125.0 -110.0 -144.5
242.190285847 -129.37520903 -147.0 -135.0 -122.0 -107.0 -141.5
264.110379493 -129.37520903 -147.0 -135.0 -122.0 -107.0 -141.5
288.014411114 -129.37520903 -147.0 -135.0 -122.0 -107.0 -141.5
314.081942439 -129.37520903 -147.0 -135.0 -122.0 -107.0 -141.5
342.50878692 -128.031563545 -146.0 -133.0 -121.0 -106.0 -139.5
373.508480642 -128.031563545 -146.0 -133.0 -121.0 -106.0 -139.5
407.313886356 -128.031563545 -146.0 -133.0 -121.0 -106.0 -139.5
444.178942693 -250.455267559 -145.0 -130.0 -117.0 -103.0 -134.5
