0.0147821219389 -1.60033444816 -199.0 -192.0 -187.0 -184.0 -186.5
0.0161200182796 -169.182274247 -179.0 -175.0 -172.0 -138.0 -175.5
0.0175790045846 -152.049749164 -164.0 -157.0 -153.0 -132.0 -157.5
0.019170040432 -143.009615385 -155.0 -148.0 -143.0 -129.0 -147.5
0.0209050773267 -137.590301003 -150.0 -143.0 -138.0 -125.0 -143.5
0.0227971484767 -133.798494983 -146.0 -139.0 -133.0 -123.0 -139.5
0.0248604666965 -131.090301003 -143.0 -136.0 -131.0 -120.0 -135.5
0.0271105311702 -128.977424749 -141.0 -134.0 -128.0 -118.0 -133.5
0.0295642438778 -127.132943144 -140.0 -132.0 -127.0 -116.0 -131.5
0.0322400365592 -117.890468227 -131.0 -122.0 -117.0 -106.0 -121.5
0.0351580091692 -114.27132107 -127.0 -118.0 -113.0 -102.0 -118.5
0.0383400808641 -112.383779264 -126.0 -116.0 -111.0 -100.0 -116.5
0.0418101546533 -111.043896321 -125.0 -115.0 -109.0 -98.0 -113.5
0.0455942969534 -110.131270903 -124.0 -114.0 -108.0 -96.0 -113.5
0.0497209333931 -109.293060201 -124.0 -113.0 -107.0 -95.0 -111.5
0.0542210623405 -108.764214047 -124.0 -112.0 -106.0 -95.0 -111.5
0.0591284877556 -108.780518395 -124.0 -112.0 -106.0 -95.0 -111.5
0.0644800731183 -108.724080268 -125.0 -112.0 -106.0 -95.0 -111.5
0.0703160183383 -108.662625418 -125.0 -112.0 -106.0 -94.0 -110.5
0.0766801617282 -108.52048495 -125.0 -112.0 -106.0 -93.0 -110.5
0.0836203093066 -108.461120401 -125.0 -112.0 -106.0 -92.0 -112.5
0.0911885939067 -108.619983278 -125.0 -112.0 -106.0 -92.0 -112.5
0.0994418667861 -109.025501672 -126.0 -113.0 -107.0 -92.0 -111.5
0.108442124681 -109.413043478 -126.0 -113.0 -107.0 -92.0 -112.5
0.118256975511 -109.699414716 -126.0 -113.0 -107.0 -91.0 -112.5
0.128960146237 -110.085284281 -127.0 -114.0 -107.0 -91.0 -112.5
0.140632036677 -110.526337793 -127.0 -114.0 -107.0 -91.0 -115.5
0.153360323456 -111.012959866 -128.0 -115.0 -107.0 -92.0 -116.5
0.167240618613 -111.497073579 -129.0 -115.0 -107.0 -92.0 -117.5
0.182377187813 -111.938963211 -129.0 -116.0 -107.0 -93.0 -117.5
0.198883733572 -112.272575251 -130.0 -116.0 -107.0 -93.0 -109.5
0.216884249362 -112.58319398 -130.0 -116.0 -108.0 -94.0 -116.5
0.236513951022 -113.053929766 -130.0 -117.0 -109.0 -95.0 -115.5
0.257920292473 -113.681856187 -131.0 -117.0 -109.0 -96.0 -110.5
0.281264073353 -114.392558528 -131.0 -118.0 -110.0 -97.0 -114.5
0.306720646913 -115.073996656 -132.0 -118.0 -111.0 -97.0 -114.5
0.334481237226 -115.946070234 -133.0 -119.0 -112.0 -97.0 -116.5
0.364754375627 -117.006270903 -134.0 -120.0 -114.0 -98.0 -116.5
0.397767467145 -118.299749164 -135.0 -122.0 -115.0 -98.0 -119.5
0.433768498724 -119.816889632 -137.0 -124.0 -117.0 -98.0 -120.5
0.473027902045 -121.16680602 -138.0 -125.0 -118.0 -98.0 -123.5
0.515840584946 -122.595735786 -139.0 -127.0 -119.0 -98.0 -124.5
0.562528146707 -124.031772575 -140.0 -129.0 -121.0 -99.0 -128.5
0.613441293825 -125.469063545 -141.0 -131.0 -122.0 -99.0 -130.5
0.668962474453 -126.679765886 -142.0 -132.0 -123.0 -100.0 -131.5
0.729508751254 -127.719063545 -143.0 -133.0 -125.0 -101.0 -132.5
0.795534934289 -128.633361204 -143.0 -134.0 -126.0 -103.0 -133.5
0.867536997448 -129.650083612 -144.0 -135.0 -127.0 -104.0 -134.5
0.94605580409 -130.550167224 -144.0 -136.0 -128.0 -105.0 -136.5
1.03168116989 -131.221571906 -144.0 -137.0 -129.0 -105.0 -136.5
1.12505629341 -131.788043478 -144.0 -138.0 -130.0 -105.0 -137.5
1.22688258765 -132.206521739 -144.0 -138.0 -130.0 -107.0 -139.5
1.33792494891 -132.392140468 -143.0 -138.0 -131.0 -108.0 -138.5
1.45901750251 -132.211120401 -142.0 -138.0 -132.0 -108.0 -138.5
1.59106986858 -131.705685619 -141.0 -137.0 -132.0 -108.0 -137.5
1.7350739949 -130.877926421 -140.0 -136.0 -132.0 -108.0 -136.5
1.89211160818 -129.908444816 -139.0 -135.0 -132.0 -108.0 -135.5
2.06336233979 -128.839882943 -137.0 -134.0 -131.0 -108.0 -133.5
2.25011258683 -127.751672241 -136.0 -133.0 -129.0 -108.0 -131.5
2.4537651753 -126.519648829 -135.0 -131.0 -128.0 -108.0 -130.5
2.67584989781 -125.255852843 -134.0 -130.0 -127.0 -108.0 -129.5
2.91803500502 -123.864966555 -133.0 -128.0 -125.0 -108.0 -128.5
3.18213973716 -122.606605351 -132.0 -127.0 -124.0 -108.0 -127.5
3.47014798979 -121.357441472 -131.0 -126.0 -122.0 -108.0 -125.5
3.78422321636 -120.253762542 -130.0 -124.0 -121.0 -108.0 -123.5
4.12672467957 -119.436036789 -130.0 -123.0 -119.0 -108.0 -122.5
4.50022517365 -118.969899666 -129.0 -123.0 -118.0 -109.0 -122.5
4.9075303506 -118.912625418 -129.0 -123.0 -118.0 -110.0 -121.5
5.35169979562 -119.174749164 -130.0 -123.0 -118.0 -110.0 -121.5
5.83607001003 -119.829013378 -131.0 -124.0 -119.0 -110.0 -124.5
6.36427947431 -120.913461538 -133.0 -125.0 -120.0 -110.0 -125.5
6.94029597958 -122.847826087 -136.0 -127.0 -122.0 -111.0 -126.5
7.56844643272 -125.322742475 -139.0 -129.0 -124.0 -111.0 -128.5
8.25344935914 -127.779682274 -142.0 -132.0 -127.0 -111.0 -130.5
9.00045034731 -130.390468227 -145.0 -135.0 -130.0 -111.0 -132.5
9.81506070121 -132.701923077 -148.0 -137.0 -132.0 -111.0 -134.5
10.7033995912 -134.987876254 -150.0 -140.0 -133.0 -111.0 -138.5
11.6721400201 -137.421404682 -152.0 -143.0 -135.0 -111.0 -141.5
12.7285589486 -139.095735786 -154.0 -145.0 -137.0 -111.0 -144.5
13.8805919592 -140.690217391 -156.0 -147.0 -138.0 -110.0 -148.5
15.1368928654 -141.386705686 -157.0 -148.0 -138.0 -110.0 -149.5
16.5068987183 -141.636705686 -158.0 -148.0 -138.0 -110.0 -151.5
18.0009006946 -141.859113712 -159.0 -148.0 -137.0 -110.0 -153.5
19.6301214024 -141.981605351 -159.0 -148.0 -137.0 -110.0 -148.5
21.4067991825 -142.141931438 -160.0 -148.0 -136.0 -110.0 -147.5
23.3442800401 -142.157817726 -161.0 -147.0 -136.0 -110.0 -143.5
25.4571178973 -142.139841137 -162.0 -147.0 -135.0 -110.0 -145.5
27.7611839183 -141.894021739 -163.0 -147.0 -135.0 -109.0 -142.5
30.2737857309 -141.422031773 -163.0 -146.0 -134.0 -110.0 -142.5
33.0137974366 -141.053720736 -163.0 -145.0 -134.0 -110.0 -144.5
36.0018013892 -140.450877926 -162.0 -145.0 -133.0 -110.0 -145.5
39.2602428048 -139.876045151 -162.0 -144.0 -133.0 -110.0 -144.5
42.813598365 -139.221780936 -161.0 -143.0 -132.0 -110.0 -142.5
46.6885600802 -138.455058528 -160.0 -143.0 -131.0 -109.0 -136.5
50.9142357945 -137.817516722 -160.0 -142.0 -131.0 -109.0 -136.5
55.5223678367 -136.774874582 -158.0 -141.0 -130.0 -110.0 -134.5
60.5475714618 -135.448369565 -157.0 -140.0 -128.0 -109.0 -139.5
66.0275948731 -135.02027592 -157.0 -139.0 -127.0 -109.0 -138.5
72.0036027785 -133.783235786 -155.0 -138.0 -126.0 -108.0 -138.5
78.5204856097 -133.214673913 -155.0 -137.0 -125.0 -107.0 -131.5
85.62719673 -131.689172241 -153.0 -136.0 -124.0 -106.0 -129.5
93.3771201605 -130.940008361 -152.0 -135.0 -123.0 -106.0 -128.5
101.828471589 -129.151964883 -150.0 -133.0 -121.0 -103.0 -140.5
111.044735673 -128.227215719 -150.0 -133.0 -120.0 -103.0 -138.5
121.095142924 -126.299122074 -148.0 -131.0 -118.0 -100.0 -139.5
132.055189746 -126.299122074 -148.0 -131.0 -118.0 -100.0 -139.5
144.007205557 -125.371446488 -147.0 -130.0 -117.0 -99.0 -139.5
157.040971219 -125.371446488 -147.0 -130.0 -117.0 -99.0 -139.5
171.25439346 -123.461329431 -145.0 -128.0 -114.0 -97.0 -133.5
186.754240321 -123.461329431 -145.0 -128.0 -114.0 -97.0 -133.5
203.656943178 -122.468018395 -143.0 -127.0 -113.0 -97.0 -133.5
222.089471347 -122.468018395 -143.0 -127.0 -113.0 -97.0 -133.5
242.190285847 -120.120610368 -141.0 -125.0 -110.0 -94.0 -133.5
264.110379493 -120.120610368 -141.0 -125.0 -110.0 -94.0 -133.5
288.014411114 -120.120610368 -141.0 -125.0 -110.0 -94.0 -133.5
314.081942439 -120.120610368 -141.0 -125.0 -110.0 -94.0 -133.5
342.50878692 -118.817516722 -139.0 -124.0 -109.0 -93.0 -131.5
373.508480642 -118.817516722 -139.0 -124.0 -109.0 -93.0 -131.5
407.313886356 -118.817516722 -139.0 -124.0 -109.0 -93.0 -131.5
444.178942693 -232.051421405 -138.0 -121.0 -105.0 -91.0 -129.5
