1.47821219389 -3.68415551839 -200.0 -188.0 -174.0 -168.0 -198.5
1.61200182796 -184.969899666 -194.0 -191.0 -189.0 -161.0 -190.5
1.75790045846 -168.301839465 -178.0 -174.0 -171.0 -152.0 -173.5
1.9170040432 -158.829431438 -168.0 -164.0 -161.0 -145.0 -163.5
2.09050773267 -153.348662207 -162.0 -159.0 -156.0 -142.0 -158.5
2.27971484767 -149.210284281 -158.0 -154.0 -151.0 -139.0 -153.5
2.48604666965 -146.468645485 -156.0 -151.0 -149.0 -138.0 -150.5
2.71105311702 -144.086956522 -154.0 -149.0 -146.0 -136.0 -148.5
2.95642438778 -141.665133779 -151.0 -146.0 -144.0 -135.0 -145.5
3.22400365592 -132.303093645 -142.0 -137.0 -134.0 -127.0 -136.5
3.51580091692 -128.227424749 -138.0 -132.0 -129.0 -124.0 -132.5
3.83400808641 -125.821070234 -136.0 -130.0 -126.0 -123.0 -129.5
4.18101546533 -124.06187291 -134.0 -128.0 -124.0 -122.0 -127.5
4.55942969534 -122.755434783 -133.0 -127.0 -122.0 -120.0 -126.5
4.97209333931 -122.079013378 -132.0 -126.0 -121.0 -119.0 -124.5
5.42210623405 -121.836538462 -133.0 -126.0 -121.0 -118.0 -124.5
5.91284877556 -122.135451505 -134.0 -126.0 -121.0 -118.0 -126.5
6.44800731183 -123.035535117 -135.0 -127.0 -122.0 -119.0 -126.5
7.03160183383 -124.649665552 -137.0 -128.0 -124.0 -120.0 -127.5
7.66801617282 -126.655936455 -140.0 -130.0 -126.0 -121.0 -129.5
8.36203093066 -128.962374582 -143.0 -133.0 -128.0 -121.0 -132.5
9.11885939067 -131.525501672 -146.0 -136.0 -131.0 -121.0 -134.5
9.94418667861 -133.529682274 -148.0 -138.0 -133.0 -120.0 -136.5
10.8442124681 -136.137959866 -151.0 -141.0 -135.0 -120.0 -141.5
11.8256975511 -138.373745819 -153.0 -144.0 -137.0 -120.0 -143.5
12.8960146237 -139.966137124 -154.0 -146.0 -138.0 -119.0 -147.5
14.0632036677 -141.349498328 -156.0 -147.0 -139.0 -118.0 -148.5
15.3360323456 -142.059782609 -157.0 -148.0 -139.0 -119.0 -148.5
16.7240618613 -142.573996656 -158.0 -149.0 -139.0 -118.0 -149.5
18.2377187813 -142.974080268 -159.0 -149.0 -138.0 -118.0 -149.5
19.8883733572 -143.259615385 -159.0 -149.0 -139.0 -117.0 -149.5
21.6884249362 -143.755016722 -161.0 -149.0 -139.0 -116.0 -150.5
23.6513951022 -144.073996656 -162.0 -149.0 -139.0 -117.0 -145.5
25.7920292473 -144.257107023 -163.0 -149.0 -139.0 -117.0 -145.5
28.1264073353 -144.398411371 -164.0 -149.0 -139.0 -118.0 -145.5
30.6720646913 -144.351588629 -165.0 -149.0 -139.0 -118.0 -147.5
33.4481237226 -144.182274247 -165.0 -148.0 -139.0 -118.0 -145.5
36.4754375627 -143.910953177 -164.0 -148.0 -139.0 -119.0 -143.5
39.7767467145 -143.634197324 -164.0 -148.0 -139.0 -120.0 -147.5
43.3768498724 -143.196070234 -163.0 -147.0 -138.0 -120.0 -146.5
47.3027902045 -142.568561873 -162.0 -147.0 -138.0 -121.0 -145.5
51.5840584946 -142.381270903 -162.0 -147.0 -137.0 -121.0 -145.5
56.2528146707 -141.731605351 -161.0 -146.0 -137.0 -121.0 -145.5
61.3441293825 -141.465719064 -161.0 -146.0 -136.0 -121.0 -144.5
66.8962474453 -140.594481605 -159.0 -145.0 -136.0 -120.0 -144.5
72.9508751254 -140.185200669 -159.0 -145.0 -135.0 -120.0 -142.5
79.5534934289 -139.049331104 -157.0 -144.0 -134.0 -118.0 -141.5
86.7536997448 -138.476588629 -157.0 -143.0 -133.0 -117.0 -140.5
94.605580409 -137.078595318 -155.0 -142.0 -131.0 -116.0 -134.5
103.168116989 -137.078595318 -155.0 -142.0 -131.0 -116.0 -134.5
112.505629341 -136.382525084 -154.0 -141.0 -131.0 -115.0 -143.5
122.688258765 -136.382525084 -154.0 -141.0 -131.0 -115.0 -143.5
133.792494891 -134.797658863 -152.0 -140.0 -129.0 -113.0 -146.5
145.901750251 -134.797658863 -152.0 -140.0 -129.0 -113.0 -146.5
159.106986858 -133.95777592 -151.0 -139.0 -128.0 -112.0 -146.5
173.50739949 -133.95777592 -151.0 -139.0 -128.0 -112.0 -146.5
189.211160818 -131.741220736 -149.0 -137.0 -125.0 -110.0 -144.5
206.336233979 -131.741220736 -149.0 -137.0 -125.0 -110.0 -144.5
225.011258683 -131.741220736 -149.0 -137.0 -125.0 -110.0 -144.5
245.37651753 -131.741220736 -149.0 -137.0 -125.0 -110.0 -144.5
267.584989781 -130.414297659 -148.0 -136.0 -124.0 -109.0 -142.5
291.803500502 -130.414297659 -148.0 -136.0 -124.0 -109.0 -142.5
318.213973716 -130.414297659 -148.0 -136.0 -124.0 -109.0 -142.5
347.014798979 -255.807692308 -147.0 -133.0 -121.0 -106.0 -134.5
