2.181015 -126.000000 -96.362778 -91.000000 -89.000000 -50.000000 -91.000000
2.378414 -126.000000 -97.227043 -92.000000 -90.000000 -50.000000 -91.000000
2.593679 -127.000000 -97.843994 -92.000000 -91.000000 -51.000000 -92.000000
2.828427 -127.000000 -98.328140 -93.000000 -91.000000 -51.000000 -92.000000
3.084422 -128.000000 -98.738098 -93.000000 -91.000000 -51.000000 -93.000000
3.363586 -172.000000 -139.346420 -140.000000 -135.000000 -51.000000 -139.000000
3.668016 -184.000000 -137.829895 -138.000000 -133.000000 -59.000000 -138.000000
4.000000 -185.000000 -136.504349 -137.000000 -132.000000 -59.000000 -136.000000
4.362031 -185.000000 -135.350586 -136.000000 -130.000000 -58.000000 -135.000000
4.756828 -186.000000 -134.194870 -134.000000 -128.000000 -58.000000 -135.000000
5.187358 -186.000000 -133.183136 -133.000000 -127.000000 -58.000000 -133.000000
5.656854 -187.000000 -132.372665 -132.000000 -126.000000 -58.000000 -131.000000
6.168843 -187.000000 -131.905624 -132.000000 -125.000000 -58.000000 -130.000000
6.727171 -188.000000 -131.803925 -131.000000 -125.000000 -58.000000 -130.000000
7.336032 -188.000000 -131.997543 -132.000000 -125.000000 -58.000000 -130.000000
8.000000 -188.000000 -132.354050 -132.000000 -125.000000 -58.000000 -131.000000
8.724062 -189.000000 -132.863083 -132.000000 -125.000000 -58.000000 -132.000000
9.513657 -189.000000 -133.775970 -133.000000 -126.000000 -53.000000 -133.000000
10.374717 -189.000000 -135.229095 -135.000000 -127.000000 -56.000000 -134.000000
11.313708 -190.000000 -137.685654 -138.000000 -130.000000 -58.000000 -138.000000
12.337687 -190.000000 -141.624817 -142.000000 -133.000000 -58.000000 -140.000000
13.454343 -191.000000 -146.424988 -148.000000 -136.000000 -58.000000 -150.000000
14.672065 -191.000000 -149.846939 -152.000000 -140.000000 -58.000000 -153.000000
16.000000 -191.000000 -151.143524 -153.000000 -142.000000 -58.000000 -153.000000
17.448124 -192.000000 -151.673477 -154.000000 -142.000000 -58.000000 -154.000000
19.027313 -192.000000 -152.131271 -154.000000 -142.000000 -58.000000 -155.000000
20.749434 -192.000000 -152.855713 -155.000000 -142.000000 -58.000000 -157.000000
22.627417 -193.000000 -154.002380 -157.000000 -143.000000 -56.000000 -158.000000
24.675373 -193.000000 -155.945358 -159.000000 -143.000000 -55.000000 -161.000000
26.908686 -193.000000 -158.751892 -162.000000 -145.000000 -55.000000 -165.000000
29.344130 -194.000000 -161.929871 -165.000000 -147.000000 -54.000000 -169.000000
32.000000 -194.000000 -164.691147 -169.000000 -149.000000 -54.000000 -172.000000
34.896248 -195.000000 -166.949768 -171.000000 -150.000000 -53.000000 -175.000000
38.054626 -195.000000 -168.457993 -173.000000 -152.000000 -51.000000 -177.000000
41.498867 -195.000000 -169.557907 -174.000000 -154.000000 -51.000000 -178.000000
45.254833 -196.000000 -170.451645 -174.000000 -155.000000 -51.000000 -179.000000
49.350746 -196.000000 -171.248093 -175.000000 -156.000000 -51.000000 -179.000000
53.817371 -196.000000 -171.906357 -176.000000 -158.000000 -51.000000 -180.000000
58.688259 -196.000000 -172.442703 -176.000000 -159.000000 -51.000000 -180.000000
64.000000 -197.000000 -172.672409 -176.000000 -160.000000 -51.000000 -180.000000
69.792496 -197.000000 -172.808701 -176.000000 -162.000000 -51.000000 -179.000000
76.109253 -197.000000 -172.831207 -176.000000 -163.000000 -51.000000 -179.000000
82.997734 -197.000000 -172.725754 -176.000000 -163.000000 -51.000000 -179.000000
90.509666 -197.000000 -172.545410 -176.000000 -163.000000 -51.000000 -178.000000
98.701492 -197.000000 -172.301331 -176.000000 -163.000000 -51.000000 -178.000000
107.634743 -197.000000 -172.053314 -175.000000 -163.000000 -52.000000 -177.000000
117.376518 -196.000000 -171.849091 -175.000000 -163.000000 -52.000000 -177.000000
128.000000 -196.000000 -171.699783 -175.000000 -163.000000 -51.000000 -176.000000
139.584991 -196.000000 -171.460251 -175.000000 -162.000000 -51.000000 -176.000000
152.218506 -196.000000 -171.306503 -174.000000 -162.000000 -52.000000 -176.000000
165.995468 -196.000000 -171.141052 -174.000000 -161.000000 -51.000000 -176.000000
181.019333 -196.000000 -170.933289 -174.000000 -161.000000 -51.000000 -176.000000
197.402985 -196.000000 -170.635544 -174.000000 -160.000000 -55.000000 -176.000000
215.269485 -195.000000 -170.193298 -173.000000 -160.000000 -53.000000 -176.000000
234.753036 -195.000000 -169.542969 -172.000000 -159.000000 -51.000000 -175.000000
256.000000 -195.000000 -169.404999 -172.000000 -159.000000 -53.000000 -175.000000
279.169983 -195.000000 -168.412643 -171.000000 -158.000000 -53.000000 -173.000000
304.437012 -193.000000 -167.391373 -170.000000 -157.000000 -52.000000 -172.000000
331.990936 -192.000000 -167.104523 -169.000000 -157.000000 -52.000000 -172.000000
362.038666 -189.000000 -165.815308 -168.000000 -156.000000 -51.000000 -171.000000
394.805969 -188.000000 -165.425552 -168.000000 -155.000000 -52.000000 -170.000000
430.538971 -183.000000 -163.829147 -166.000000 -154.000000 -53.000000 -168.000000
469.506073 -182.000000 -163.318085 -165.000000 -154.000000 -53.000000 -167.000000
512.000000 -182.000000 -163.318085 -165.000000 -154.000000 -54.000000 -167.000000
558.339966 -176.000000 -161.291473 -163.000000 -152.000000 -54.000000 -165.000000
608.874023 -175.000000 -160.631729 -162.000000 -152.000000 -55.000000 -165.000000
663.981873 -175.000000 -160.631729 -162.000000 -152.000000 -55.000000 -165.000000
724.077332 -170.000000 -158.041092 -160.000000 -150.000000 -52.000000 -162.000000
789.611938 -170.000000 -158.041092 -160.000000 -150.000000 -51.000000 -162.000000
861.077942 -171.000000 -157.133453 -159.000000 -149.000000 -51.000000 -160.000000
939.012146 -171.000000 -157.133453 -159.000000 -149.000000 -53.000000 -160.000000
