2.181015 -142.000000 -110.953346 -107.000000 -102.000000 -50.000000 -108.000000
2.378414 -143.000000 -111.813324 -108.000000 -103.000000 -50.000000 -108.000000
2.593679 -143.000000 -112.335556 -109.000000 -104.000000 -51.000000 -109.000000
2.828427 -143.000000 -112.710983 -109.000000 -104.000000 -51.000000 -109.000000
3.084422 -143.000000 -112.967186 -110.000000 -104.000000 -51.000000 -110.000000
3.363586 -192.000000 -139.473969 -139.000000 -135.000000 -51.000000 -139.000000
3.668016 -200.000000 -138.033966 -138.000000 -133.000000 -53.000000 -138.000000
4.000000 -200.000000 -136.711700 -137.000000 -131.000000 -57.000000 -137.000000
4.362031 -200.000000 -135.567764 -136.000000 -130.000000 -58.000000 -135.000000
4.756828 -200.000000 -134.430969 -134.000000 -128.000000 -57.000000 -135.000000
5.187358 -200.000000 -133.452179 -133.000000 -127.000000 -51.000000 -133.000000
5.656854 -200.000000 -132.665024 -132.000000 -126.000000 -52.000000 -131.000000
6.168843 -200.000000 -132.228104 -132.000000 -125.000000 -51.000000 -130.000000
6.727171 -200.000000 -132.141785 -132.000000 -125.000000 -51.000000 -130.000000
7.336032 -200.000000 -132.344803 -132.000000 -125.000000 -51.000000 -130.000000
8.000000 -200.000000 -132.725372 -132.000000 -125.000000 -51.000000 -131.000000
8.724062 -200.000000 -133.252319 -133.000000 -125.000000 -51.000000 -132.000000
9.513657 -200.000000 -134.180878 -134.000000 -126.000000 -52.000000 -133.000000
10.374717 -200.000000 -135.626373 -135.000000 -127.000000 -54.000000 -135.000000
11.313708 -200.000000 -138.051208 -138.000000 -130.000000 -51.000000 -138.000000
12.337687 -200.000000 -141.799316 -142.000000 -132.000000 -52.000000 -140.000000
13.454343 -200.000000 -146.422287 -148.000000 -136.000000 -53.000000 -150.000000
14.672065 -200.000000 -149.753128 -151.000000 -139.000000 -54.000000 -153.000000
16.000000 -200.000000 -151.021423 -153.000000 -141.000000 -51.000000 -153.000000
17.448124 -200.000000 -151.518051 -153.000000 -141.000000 -53.000000 -153.000000
19.027313 -200.000000 -151.929520 -154.000000 -141.000000 -51.000000 -155.000000
20.749434 -200.000000 -152.557800 -155.000000 -141.000000 -51.000000 -157.000000
22.627417 -200.000000 -153.572968 -156.000000 -141.000000 -51.000000 -158.000000
24.675373 -200.000000 -155.257492 -158.000000 -142.000000 -51.000000 -160.000000
26.908686 -200.000000 -157.610809 -161.000000 -143.000000 -51.000000 -163.000000
29.344130 -200.000000 -160.045731 -163.000000 -145.000000 -51.000000 -164.000000
32.000000 -200.000000 -161.914261 -165.000000 -146.000000 -51.000000 -164.000000
34.896248 -200.000000 -163.234467 -166.000000 -147.000000 -51.000000 -164.000000
38.054626 -200.000000 -164.011993 -167.000000 -148.000000 -51.000000 -163.000000
41.498867 -200.000000 -164.502701 -168.000000 -149.000000 -51.000000 -163.000000
45.254833 -200.000000 -164.824173 -168.000000 -150.000000 -52.000000 -172.000000
49.350746 -200.000000 -165.053375 -168.000000 -150.000000 -52.000000 -162.000000
53.817371 -200.000000 -165.160019 -168.000000 -150.000000 -52.000000 -171.000000
58.688259 -200.000000 -165.209412 -168.000000 -151.000000 -52.000000 -161.000000
64.000000 -200.000000 -165.108383 -168.000000 -151.000000 -52.000000 -169.000000
69.792496 -200.000000 -164.916321 -168.000000 -151.000000 -51.000000 -168.000000
76.109253 -200.000000 -164.713425 -167.000000 -152.000000 -51.000000 -168.000000
82.997734 -200.000000 -164.452286 -167.000000 -152.000000 -51.000000 -159.000000
90.509666 -200.000000 -164.137375 -167.000000 -152.000000 -51.000000 -158.000000
98.701492 -200.000000 -163.755661 -166.000000 -152.000000 -51.000000 -158.000000
107.634743 -200.000000 -163.320831 -166.000000 -152.000000 -51.000000 -157.000000
117.376518 -200.000000 -162.896408 -165.000000 -152.000000 -51.000000 -157.000000
128.000000 -200.000000 -162.557480 -165.000000 -152.000000 -51.000000 -156.000000
139.584991 -200.000000 -161.994034 -164.000000 -152.000000 -51.000000 -156.000000
152.218506 -200.000000 -161.634277 -164.000000 -151.000000 -51.000000 -155.000000
165.995468 -200.000000 -161.253082 -163.000000 -151.000000 -51.000000 -155.000000
181.019333 -200.000000 -160.821198 -163.000000 -151.000000 -51.000000 -154.000000
197.402985 -200.000000 -160.317841 -162.000000 -150.000000 -51.000000 -154.000000
215.269485 -200.000000 -159.726685 -162.000000 -150.000000 -51.000000 -153.000000
234.753036 -200.000000 -159.031784 -161.000000 -149.000000 -51.000000 -153.000000
256.000000 -200.000000 -158.860489 -161.000000 -149.000000 -51.000000 -152.000000
279.169983 -200.000000 -158.014008 -160.000000 -149.000000 -51.000000 -152.000000
304.437012 -200.000000 -157.218979 -159.000000 -148.000000 -51.000000 -151.000000
331.990936 -200.000000 -156.966690 -159.000000 -147.000000 -51.000000 -151.000000
362.038666 -200.000000 -156.016479 -158.000000 -146.000000 -51.000000 -150.000000
394.805969 -200.000000 -155.700195 -157.000000 -146.000000 -51.000000 -150.000000
430.538971 -200.000000 -154.534500 -156.000000 -145.000000 -51.000000 -149.000000
469.506073 -200.000000 -154.135666 -156.000000 -145.000000 -51.000000 -149.000000
512.000000 -200.000000 -154.135666 -156.000000 -145.000000 -52.000000 -149.000000
558.339966 -200.000000 -152.559952 -154.000000 -144.000000 -52.000000 -148.000000
608.874023 -200.000000 -152.023056 -153.000000 -143.000000 -51.000000 -147.000000
663.981873 -200.000000 -152.023056 -153.000000 -143.000000 -51.000000 -147.000000
724.077332 -195.000000 -149.738281 -151.000000 -141.000000 -51.000000 -157.000000
789.611938 -195.000000 -149.738281 -151.000000 -141.000000 -52.000000 -157.000000
861.077942 -193.000000 -148.918091 -150.000000 -140.000000 -52.000000 -156.000000
939.012146 -193.000000 -148.918091 -150.000000 -140.000000 -51.000000 -156.000000
