2.181015 -200.000000 -96.462311 -91.000000 -89.000000 -50.000000 -91.000000
2.378414 -200.000000 -97.320953 -92.000000 -90.000000 -50.000000 -92.000000
2.593679 -200.000000 -97.930138 -93.000000 -91.000000 -51.000000 -92.000000
2.828427 -200.000000 -98.415710 -93.000000 -91.000000 -51.000000 -93.000000
3.084422 -200.000000 -98.820320 -93.000000 -92.000000 -51.000000 -93.000000
3.363586 -200.000000 -137.790054 -138.000000 -135.000000 -51.000000 -138.000000
3.668016 -200.000000 -136.082062 -136.000000 -133.000000 -59.000000 -136.000000
4.000000 -200.000000 -134.490158 -135.000000 -130.000000 -56.000000 -135.000000
4.362031 -200.000000 -133.226624 -134.000000 -128.000000 -59.000000 -134.000000
4.756828 -200.000000 -132.177673 -133.000000 -127.000000 -59.000000 -133.000000
5.187358 -200.000000 -131.225449 -132.000000 -125.000000 -58.000000 -132.000000
5.656854 -200.000000 -130.508652 -131.000000 -124.000000 -58.000000 -129.000000
6.168843 -200.000000 -130.034027 -130.000000 -124.000000 -58.000000 -129.000000
6.727171 -200.000000 -129.898254 -130.000000 -123.000000 -58.000000 -129.000000
7.336032 -200.000000 -130.128769 -130.000000 -123.000000 -58.000000 -128.000000
8.000000 -200.000000 -130.655441 -130.000000 -123.000000 -58.000000 -129.000000
8.724062 -200.000000 -131.340012 -131.000000 -124.000000 -58.000000 -130.000000
9.513657 -200.000000 -132.244461 -132.000000 -125.000000 -58.000000 -132.000000
10.374717 -200.000000 -133.773712 -134.000000 -126.000000 -58.000000 -134.000000
11.313708 -200.000000 -136.175430 -136.000000 -128.000000 -58.000000 -137.000000
12.337687 -200.000000 -140.204041 -141.000000 -131.000000 -58.000000 -139.000000
13.454343 -200.000000 -145.271957 -147.000000 -135.000000 -51.000000 -151.000000
14.672065 -200.000000 -149.429611 -151.000000 -139.000000 -51.000000 -153.000000
16.000000 -200.000000 -151.308762 -153.000000 -141.000000 -51.000000 -154.000000
17.448124 -200.000000 -151.952393 -154.000000 -141.000000 -51.000000 -155.000000
19.027313 -200.000000 -152.356827 -155.000000 -141.000000 -53.000000 -156.000000
20.749434 -200.000000 -153.026627 -156.000000 -141.000000 -53.000000 -158.000000
22.627417 -200.000000 -154.047409 -157.000000 -142.000000 -54.000000 -159.000000
24.675373 -200.000000 -156.000351 -159.000000 -143.000000 -54.000000 -162.000000
26.908686 -200.000000 -158.762955 -162.000000 -144.000000 -54.000000 -165.000000
29.344130 -200.000000 -162.079575 -166.000000 -146.000000 -54.000000 -169.000000
32.000000 -200.000000 -164.949081 -169.000000 -148.000000 -54.000000 -174.000000
34.896248 -200.000000 -167.511551 -172.000000 -150.000000 -54.000000 -177.000000
38.054626 -200.000000 -169.491501 -174.000000 -152.000000 -53.000000 -179.000000
41.498867 -200.000000 -171.156113 -176.000000 -154.000000 -51.000000 -180.000000
45.254833 -200.000000 -172.583893 -177.000000 -156.000000 -51.000000 -181.000000
49.350746 -200.000000 -173.806030 -179.000000 -158.000000 -51.000000 -181.000000
53.817371 -200.000000 -174.764923 -179.000000 -160.000000 -51.000000 -181.000000
58.688259 -200.000000 -175.522736 -180.000000 -162.000000 -52.000000 -181.000000
64.000000 -200.000000 -175.970566 -180.000000 -163.000000 -51.000000 -181.000000
69.792496 -200.000000 -176.351929 -180.000000 -165.000000 -51.000000 -181.000000
76.109253 -200.000000 -176.518936 -180.000000 -166.000000 -51.000000 -181.000000
82.997734 -200.000000 -176.592453 -180.000000 -167.000000 -51.000000 -181.000000
90.509666 -200.000000 -176.598602 -180.000000 -168.000000 -52.000000 -180.000000
98.701492 -200.000000 -176.570221 -179.000000 -169.000000 -52.000000 -180.000000
107.634743 -200.000000 -176.497665 -179.000000 -169.000000 -52.000000 -179.000000
117.376518 -200.000000 -176.407364 -179.000000 -170.000000 -51.000000 -179.000000
128.000000 -200.000000 -176.350113 -178.000000 -171.000000 -51.000000 -179.000000
139.584991 -200.000000 -176.259140 -178.000000 -171.000000 -52.000000 -179.000000
152.218506 -200.000000 -176.197006 -178.000000 -171.000000 -52.000000 -178.000000
165.995468 -200.000000 -176.114029 -178.000000 -171.000000 -52.000000 -178.000000
181.019333 -200.000000 -175.990326 -178.000000 -171.000000 -51.000000 -178.000000
197.402985 -200.000000 -175.794922 -177.000000 -171.000000 -51.000000 -178.000000
215.269485 -200.000000 -175.493225 -177.000000 -171.000000 -51.000000 -177.000000
234.753036 -200.000000 -175.046692 -177.000000 -171.000000 -51.000000 -177.000000
256.000000 -200.000000 -174.949615 -176.000000 -171.000000 -51.000000 -177.000000
279.169983 -200.000000 -174.214066 -176.000000 -171.000000 -52.000000 -176.000000
304.437012 -200.000000 -173.399460 -175.000000 -171.000000 -52.000000 -175.000000
331.990936 -200.000000 -173.162628 -174.000000 -171.000000 -52.000000 -175.000000
362.038666 -200.000000 -171.973755 -173.000000 -170.000000 -51.000000 -173.000000
394.805969 -200.000000 -171.626785 -173.000000 -169.000000 -51.000000 -173.000000
430.538971 -200.000000 -169.954773 -171.000000 -168.000000 -52.000000 -172.000000
469.506073 -200.000000 -169.462463 -170.000000 -167.000000 -51.000000 -171.000000
512.000000 -200.000000 -169.462463 -170.000000 -167.000000 -51.000000 -171.000000
558.339966 -200.000000 -167.122742 -168.000000 -164.000000 -51.000000 -169.000000
608.874023 -200.000000 -166.415543 -168.000000 -163.000000 -55.000000 -168.000000
663.981873 -200.000000 -166.415543 -168.000000 -163.000000 -56.000000 -168.000000
724.077332 -200.000000 -163.214737 -165.000000 -159.000000 -52.000000 -165.000000
789.611938 -200.000000 -163.214737 -165.000000 -159.000000 -51.000000 -165.000000
861.077942 -200.000000 -162.158051 -163.000000 -157.000000 -51.000000 -164.000000
939.012146 -200.000000 -162.158051 -163.000000 -157.000000 -52.000000 -164.000000
