2.181015 -142.000000 -110.922340 -107.000000 -102.000000 -50.000000 -108.000000
2.378414 -142.000000 -111.743607 -108.000000 -103.000000 -50.000000 -108.000000
2.593679 -142.000000 -112.220299 -109.000000 -104.000000 -51.000000 -109.000000
2.828427 -142.000000 -112.562729 -109.000000 -104.000000 -51.000000 -109.000000
3.084422 -142.000000 -112.800789 -110.000000 -105.000000 -51.000000 -110.000000
3.363586 -193.000000 -138.339005 -138.000000 -134.000000 -51.000000 -138.000000
3.668016 -200.000000 -137.105362 -137.000000 -132.000000 -56.000000 -136.000000
4.000000 -200.000000 -135.992981 -136.000000 -130.000000 -56.000000 -136.000000
4.362031 -200.000000 -135.062973 -135.000000 -129.000000 -51.000000 -135.000000
4.756828 -200.000000 -134.204254 -134.000000 -128.000000 -59.000000 -134.000000
5.187358 -200.000000 -133.501389 -133.000000 -127.000000 -58.000000 -133.000000
5.656854 -200.000000 -132.966812 -133.000000 -126.000000 -58.000000 -131.000000
6.168843 -200.000000 -132.699539 -132.000000 -126.000000 -58.000000 -131.000000
6.727171 -200.000000 -132.809662 -132.000000 -125.000000 -58.000000 -131.000000
7.336032 -200.000000 -133.182861 -133.000000 -125.000000 -57.000000 -131.000000
8.000000 -200.000000 -133.727600 -133.000000 -126.000000 -58.000000 -132.000000
8.724062 -200.000000 -134.382507 -134.000000 -126.000000 -56.000000 -132.000000
9.513657 -200.000000 -135.366028 -135.000000 -127.000000 -52.000000 -135.000000
10.374717 -200.000000 -136.820053 -137.000000 -129.000000 -55.000000 -136.000000
11.313708 -200.000000 -139.098663 -139.000000 -130.000000 -56.000000 -138.000000
12.337687 -200.000000 -142.713867 -143.000000 -133.000000 -51.000000 -143.000000
13.454343 -200.000000 -147.144043 -148.000000 -137.000000 -51.000000 -150.000000
14.672065 -200.000000 -150.268967 -152.000000 -140.000000 -51.000000 -153.000000
16.000000 -200.000000 -151.599319 -153.000000 -142.000000 -51.000000 -154.000000
17.448124 -200.000000 -152.211945 -154.000000 -143.000000 -51.000000 -154.000000
19.027313 -200.000000 -152.688934 -155.000000 -143.000000 -51.000000 -157.000000
20.749434 -200.000000 -153.509430 -156.000000 -143.000000 -51.000000 -158.000000
22.627417 -200.000000 -154.727554 -157.000000 -143.000000 -51.000000 -160.000000
24.675373 -200.000000 -156.469650 -159.000000 -144.000000 -51.000000 -161.000000
26.908686 -200.000000 -158.719971 -162.000000 -146.000000 -51.000000 -163.000000
29.344130 -200.000000 -160.843979 -163.000000 -147.000000 -51.000000 -163.000000
32.000000 -200.000000 -162.396713 -165.000000 -149.000000 -51.000000 -163.000000
34.896248 -200.000000 -163.511063 -165.000000 -150.000000 -51.000000 -163.000000
38.054626 -200.000000 -164.175537 -166.000000 -152.000000 -52.000000 -163.000000
41.498867 -200.000000 -164.552292 -166.000000 -153.000000 -51.000000 -162.000000
45.254833 -200.000000 -164.784119 -166.000000 -154.000000 -51.000000 -162.000000
49.350746 -200.000000 -164.910797 -165.000000 -155.000000 -52.000000 -165.000000
53.817371 -200.000000 -164.910767 -165.000000 -155.000000 -52.000000 -161.000000
58.688259 -200.000000 -164.849442 -165.000000 -155.000000 -53.000000 -164.000000
64.000000 -200.000000 -164.687653 -165.000000 -156.000000 -53.000000 -160.000000
69.792496 -200.000000 -164.437134 -164.000000 -156.000000 -51.000000 -160.000000
76.109253 -200.000000 -164.195160 -164.000000 -156.000000 -52.000000 -159.000000
82.997734 -200.000000 -163.917542 -164.000000 -155.000000 -52.000000 -159.000000
90.509666 -200.000000 -163.566803 -164.000000 -155.000000 -51.000000 -158.000000
98.701492 -200.000000 -163.147858 -163.000000 -155.000000 -51.000000 -158.000000
107.634743 -200.000000 -162.669052 -163.000000 -154.000000 -51.000000 -157.000000
117.376518 -200.000000 -162.194336 -163.000000 -154.000000 -52.000000 -157.000000
128.000000 -200.000000 -161.819870 -162.000000 -153.000000 -52.000000 -156.000000
139.584991 -200.000000 -161.189575 -162.000000 -153.000000 -52.000000 -155.000000
152.218506 -200.000000 -160.797028 -161.000000 -152.000000 -52.000000 -155.000000
165.995468 -200.000000 -160.358353 -161.000000 -152.000000 -52.000000 -155.000000
181.019333 -200.000000 -159.873657 -160.000000 -151.000000 -51.000000 -154.000000
197.402985 -200.000000 -159.321960 -160.000000 -151.000000 -51.000000 -154.000000
215.269485 -200.000000 -158.678879 -159.000000 -150.000000 -52.000000 -153.000000
234.753036 -200.000000 -157.937820 -158.000000 -149.000000 -52.000000 -152.000000
256.000000 -200.000000 -157.754303 -158.000000 -149.000000 -51.000000 -152.000000
279.169983 -200.000000 -156.873535 -157.000000 -148.000000 -51.000000 -152.000000
304.437012 -200.000000 -156.050247 -156.000000 -147.000000 -51.000000 -151.000000
331.990936 -200.000000 -155.784225 -156.000000 -147.000000 -51.000000 -151.000000
362.038666 -200.000000 -154.785797 -155.000000 -146.000000 -51.000000 -150.000000
394.805969 -200.000000 -154.453278 -155.000000 -145.000000 -52.000000 -150.000000
430.538971 -200.000000 -153.204041 -154.000000 -144.000000 -51.000000 -149.000000
469.506073 -200.000000 -152.785065 -153.000000 -144.000000 -53.000000 -149.000000
512.000000 -200.000000 -152.785065 -153.000000 -144.000000 -53.000000 -149.000000
558.339966 -200.000000 -151.049164 -151.000000 -142.000000 -53.000000 -148.000000
608.874023 -200.000000 -150.472107 -151.000000 -141.000000 -51.000000 -147.000000
663.981873 -200.000000 -150.472107 -151.000000 -141.000000 -53.000000 -147.000000
724.077332 -200.000000 -147.880890 -149.000000 -139.000000 -53.000000 -154.000000
789.611938 -200.000000 -147.880890 -149.000000 -139.000000 -51.000000 -154.000000
861.077942 -200.000000 -146.979950 -148.000000 -138.000000 -51.000000 -153.000000
939.012146 -200.000000 -146.979950 -148.000000 -138.000000 -52.000000 -153.000000
