1.47821219389 -3.69230769231 -200.0 -194.0 -155.0 -152.0 -198.5
1.61200182796 -185.410953177 -195.0 -192.0 -189.0 -165.0 -191.5
1.75790045846 -168.911371237 -178.0 -175.0 -172.0 -150.0 -174.5
1.9170040432 -159.449414716 -168.0 -165.0 -162.0 -140.0 -164.5
2.09050773267 -153.947742475 -163.0 -159.0 -156.0 -135.0 -159.5
2.27971484767 -149.759197324 -159.0 -155.0 -152.0 -131.0 -154.5
2.48604666965 -146.93729097 -156.0 -152.0 -149.0 -128.0 -151.5
2.71105311702 -144.515468227 -154.0 -149.0 -147.0 -127.0 -149.5
2.95642438778 -142.027173913 -152.0 -147.0 -144.0 -125.0 -146.5
3.22400365592 -132.588628763 -142.0 -137.0 -134.0 -119.0 -137.5
3.51580091692 -128.380852843 -138.0 -133.0 -130.0 -117.0 -132.5
3.83400808641 -125.875 -136.0 -130.0 -126.0 -115.0 -129.5
4.18101546533 -124.026755853 -134.0 -128.0 -124.0 -114.0 -127.5
4.55942969534 -122.700250836 -133.0 -127.0 -122.0 -114.0 -125.5
4.97209333931 -122.049331104 -132.0 -126.0 -121.0 -115.0 -124.5
5.42210623405 -121.844063545 -132.0 -126.0 -121.0 -114.0 -124.5
5.91284877556 -122.130016722 -133.0 -126.0 -121.0 -114.0 -126.5
6.44800731183 -123.037625418 -135.0 -127.0 -122.0 -114.0 -126.5
7.03160183383 -124.705685619 -138.0 -128.0 -123.0 -115.0 -128.5
7.66801617282 -126.798494983 -140.0 -130.0 -125.0 -116.0 -129.5
8.36203093066 -129.148829431 -143.0 -133.0 -128.0 -118.0 -131.5
9.11885939067 -131.66638796 -146.0 -136.0 -131.0 -118.0 -133.5
9.94418667861 -133.635869565 -148.0 -138.0 -133.0 -117.0 -135.5
10.8442124681 -136.175167224 -151.0 -141.0 -135.0 -116.0 -139.5
11.8256975511 -138.406354515 -153.0 -143.0 -136.0 -115.0 -142.5
12.8960146237 -139.998327759 -155.0 -146.0 -138.0 -115.0 -145.5
14.0632036677 -141.290551839 -156.0 -147.0 -139.0 -113.0 -148.5
15.3360323456 -141.776755853 -157.0 -148.0 -138.0 -113.0 -150.5
16.7240618613 -142.017558528 -158.0 -148.0 -138.0 -112.0 -150.5
18.2377187813 -142.183110368 -159.0 -148.0 -137.0 -112.0 -148.5
19.8883733572 -142.235785953 -159.0 -148.0 -137.0 -112.0 -148.5
21.6884249362 -142.29264214 -160.0 -148.0 -137.0 -112.0 -147.5
23.6513951022 -142.222826087 -161.0 -147.0 -136.0 -113.0 -145.5
25.7920292473 -142.138377926 -162.0 -147.0 -136.0 -113.0 -143.5
28.1264073353 -141.885033445 -163.0 -146.0 -135.0 -113.0 -142.5
30.6720646913 -141.52006689 -163.0 -146.0 -135.0 -112.0 -142.5
33.4481237226 -141.005016722 -163.0 -145.0 -134.0 -111.0 -141.5
36.4754375627 -140.347826087 -162.0 -145.0 -133.0 -111.0 -140.5
39.7767467145 -139.801421405 -161.0 -144.0 -133.0 -112.0 -137.5
43.3768498724 -138.818979933 -160.0 -143.0 -132.0 -112.0 -142.5
47.3027902045 -137.590301003 -159.0 -142.0 -131.0 -111.0 -140.5
51.5840584946 -137.186454849 -159.0 -141.0 -130.0 -111.0 -139.5
56.2528146707 -136.035535117 -157.0 -140.0 -129.0 -111.0 -137.5
61.3441293825 -135.516722408 -157.0 -140.0 -128.0 -111.0 -133.5
66.8962474453 -134.101170569 -155.0 -138.0 -126.0 -109.0 -134.5
72.9508751254 -133.356187291 -155.0 -138.0 -126.0 -108.0 -130.5
79.5534934289 -131.643812709 -153.0 -136.0 -124.0 -108.0 -129.5
86.7536997448 -130.776755853 -152.0 -135.0 -123.0 -107.0 -128.5
94.605580409 -128.921404682 -150.0 -133.0 -121.0 -106.0 -141.5
103.168116989 -128.921404682 -150.0 -133.0 -121.0 -106.0 -141.5
112.505629341 -128.004598662 -149.0 -132.0 -119.0 -105.0 -139.5
122.688258765 -128.004598662 -149.0 -132.0 -119.0 -105.0 -139.5
133.792494891 -126.034698997 -147.0 -131.0 -117.0 -104.0 -137.5
145.901750251 -126.034698997 -147.0 -131.0 -117.0 -104.0 -137.5
159.106986858 -125.043896321 -146.0 -130.0 -116.0 -102.0 -137.5
173.50739949 -125.043896321 -146.0 -130.0 -116.0 -102.0 -137.5
189.211160818 -122.606605351 -143.0 -127.0 -113.0 -99.0 -135.5
206.336233979 -122.606605351 -143.0 -127.0 -113.0 -99.0 -135.5
225.011258683 -122.606605351 -143.0 -127.0 -113.0 -99.0 -135.5
245.37651753 -122.606605351 -143.0 -127.0 -113.0 -99.0 -135.5
267.584989781 -121.217809365 -141.0 -126.0 -112.0 -99.0 -133.5
291.803500502 -121.217809365 -141.0 -126.0 -112.0 -99.0 -133.5
318.213973716 -121.217809365 -141.0 -126.0 -112.0 -99.0 -133.5
347.014798979 -237.392558528 -141.0 -124.0 -109.0 -95.0 -128.5
